0.258264
0.542199
1.03693
0.201989
1.31748
0.984708
0.651552
0.298922
0.884101
3.26095
1.07955
0.458513
0.544262
0.491352
0.602447
1.04823
0.59363
0.952629
0.328853
0.388627
0.53328
0.932596
1.31004
0.746216
1.4499
1.59215
0.93335
2.18324
0.726066
0.336418
2.15531
0.174846
0.667975
0.740449
1.01393
1.71697
0.32781
0.588568
1.8327
0.407918
0.51399
0.661018
0.358965
1.75255
0.47067
0.782712
0.576103
0.552729
0.340249
1.02251
0.426417
1.52135
0.530923
2.54297
1.61364
1.74734
3.16503
0.725824
0.595625
0.718508
0.614707
1.3444
0.567389
2.63614
1.50356
0.409744
0.655199
0.428301
0.539543
0.569841
0.272421
0.655419
0.236718
0.349256
0.593496
0.722559
0.331322
1.57575
0.911515
0.160102
0.62186
0.936916
3.40846
0.731421
3.82614
0.354959
2.04412
0.20833
0.285852
1.63414
1.19474
4.0042
1.11695
1.10038
0.697255
0.461498
2.10591
2.05633
0.487884
0.573047
